Inicio del algoritmo Branch & Bound 4 threads
Mejor costo: 1465.8908909525705, Mejor ruta actual: [0, 1, 2, 3, 4, 5, 6, 7, 8, 9, 10, 11, 12, 13, 14, 15, 16, 17, 18, 19, 20, 21, 22, 23, 24, 25, 26, 27, 28, 29, 30, 31, 32, 33, 34, 35, 36, 37, 38, 39, 40, 41, 42, 43, 44, 45, 46, 47, 48, 49], Tiempo actual: 0.00 segundos
Mejor costo: 1450.0709738194482, Mejor ruta actual: [2, 0, 1, 3, 4, 5, 6, 7, 8, 9, 10, 11, 12, 13, 14, 15, 16, 17, 18, 19, 20, 21, 22, 23, 24, 25, 26, 27, 28, 29, 30, 31, 32, 33, 34, 35, 36, 37, 38, 39, 40, 41, 42, 43, 44, 45, 47, 46, 48, 49], Tiempo actual: 0.00 segundos
Mejor costo: 1446.2112523066073, Mejor ruta actual: [3, 0, 1, 2, 4, 5, 6, 7, 8, 9, 10, 11, 12, 13, 14, 15, 16, 17, 18, 19, 20, 21, 22, 23, 24, 25, 26, 27, 28, 29, 30, 31, 32, 33, 34, 35, 36, 37, 38, 39, 40, 41, 42, 43, 44, 48, 49, 45, 46, 47], Tiempo actual: 0.00 segundos
Mejor costo: 1445.9321616792888, Mejor ruta actual: [1, 0, 2, 3, 4, 5, 6, 7, 8, 9, 10, 11, 12, 13, 14, 15, 16, 17, 18, 19, 20, 21, 22, 23, 24, 25, 26, 27, 28, 29, 30, 31, 32, 33, 34, 35, 36, 37, 38, 39, 40, 41, 42, 45, 44, 43, 46, 47, 48, 49], Tiempo actual: 0.00 segundos
Mejor costo: 1445.24708196654, Mejor ruta actual: [0, 1, 2, 3, 4, 5, 6, 7, 8, 9, 10, 11, 12, 13, 14, 15, 16, 17, 18, 19, 20, 21, 22, 23, 24, 25, 26, 27, 28, 29, 30, 31, 32, 33, 34, 35, 36, 37, 38, 39, 40, 41, 42, 43, 44, 46, 48, 49, 45, 47], Tiempo actual: 0.01 segundos
Mejor costo: 1443.361025272074, Mejor ruta actual: [2, 0, 1, 3, 4, 5, 6, 7, 8, 9, 10, 11, 12, 13, 14, 15, 16, 17, 18, 19, 20, 21, 22, 23, 24, 25, 26, 27, 28, 29, 30, 31, 32, 33, 34, 35, 36, 37, 38, 39, 40, 41, 42, 43, 44, 48, 49, 45, 46, 47], Tiempo actual: 0.02 segundos
Mejor costo: 1432.393551253414, Mejor ruta actual: [3, 0, 1, 2, 4, 5, 6, 7, 8, 9, 10, 11, 12, 13, 14, 15, 16, 17, 18, 19, 20, 21, 22, 23, 24, 25, 26, 27, 28, 29, 30, 31, 32, 33, 34, 35, 36, 37, 38, 39, 40, 41, 42, 43, 44, 48, 49, 45, 47, 46], Tiempo actual: 0.02 segundos
Mejor costo: 1423.046832684485, Mejor ruta actual: [1, 0, 2, 3, 4, 5, 6, 7, 8, 9, 10, 11, 12, 13, 14, 15, 16, 17, 18, 19, 20, 21, 22, 23, 24, 25, 26, 27, 28, 29, 30, 31, 32, 33, 34, 35, 36, 37, 38, 39, 40, 41, 42, 45, 47, 46, 43, 44, 48, 49], Tiempo actual: 0.02 segundos
Mejor costo: 1423.046832684485, Mejor ruta actual: [1, 0, 2, 3, 4, 5, 6, 7, 8, 9, 10, 11, 12, 13, 14, 15, 16, 17, 18, 19, 20, 21, 22, 23, 24, 25, 26, 27, 28, 29, 30, 31, 32, 33, 34, 35, 36, 37, 38, 39, 40, 41, 42, 45, 47, 46, 43, 44, 48, 49], Tiempo actual: 0.03 segundos
Mejor costo: 1423.046832684485, Mejor ruta actual: [1, 0, 2, 3, 4, 5, 6, 7, 8, 9, 10, 11, 12, 13, 14, 15, 16, 17, 18, 19, 20, 21, 22, 23, 24, 25, 26, 27, 28, 29, 30, 31, 32, 33, 34, 35, 36, 37, 38, 39, 40, 41, 42, 45, 47, 46, 43, 44, 48, 49], Tiempo actual: 0.02 segundos
Mejor costo: 1417.1148459086112, Mejor ruta actual: [1, 0, 2, 3, 4, 5, 6, 7, 8, 9, 10, 11, 12, 13, 14, 15, 16, 17, 18, 19, 20, 21, 22, 23, 24, 25, 26, 27, 28, 29, 30, 31, 32, 33, 34, 35, 36, 37, 38, 39, 40, 41, 42, 47, 45, 44, 43, 46, 48, 49], Tiempo actual: 0.05 segundos
Mejor costo: 1416.0340998402346, Mejor ruta actual: [3, 0, 1, 2, 4, 5, 6, 7, 8, 9, 10, 11, 12, 13, 14, 15, 16, 17, 18, 19, 20, 21, 22, 23, 24, 25, 26, 27, 28, 29, 30, 31, 32, 33, 34, 35, 36, 37, 38, 39, 40, 41, 42, 46, 47, 45, 49, 48, 44, 43], Tiempo actual: 0.05 segundos
Mejor costo: 1416.0340998402346, Mejor ruta actual: [3, 0, 1, 2, 4, 5, 6, 7, 8, 9, 10, 11, 12, 13, 14, 15, 16, 17, 18, 19, 20, 21, 22, 23, 24, 25, 26, 27, 28, 29, 30, 31, 32, 33, 34, 35, 36, 37, 38, 39, 40, 41, 42, 46, 47, 45, 49, 48, 44, 43], Tiempo actual: 0.07 segundos
Mejor costo: 1413.0957654932663, Mejor ruta actual: [2, 0, 1, 3, 4, 5, 6, 7, 8, 9, 10, 11, 12, 13, 14, 15, 16, 17, 18, 19, 20, 21, 22, 23, 24, 25, 26, 27, 28, 29, 30, 31, 32, 33, 34, 35, 36, 37, 38, 39, 40, 41, 42, 47, 45, 44, 43, 46, 48, 49], Tiempo actual: 0.08 segundos
Mejor costo: 1404.43794250521, Mejor ruta actual: [3, 0, 1, 2, 4, 5, 6, 7, 8, 9, 10, 11, 12, 13, 14, 15, 16, 17, 18, 19, 20, 21, 22, 23, 24, 25, 26, 27, 28, 29, 30, 31, 32, 33, 34, 35, 36, 37, 38, 39, 40, 41, 42, 47, 45, 48, 49, 44, 43, 46], Tiempo actual: 0.09 segundos
Mejor costo: 1404.43794250521, Mejor ruta actual: [3, 0, 1, 2, 4, 5, 6, 7, 8, 9, 10, 11, 12, 13, 14, 15, 16, 17, 18, 19, 20, 21, 22, 23, 24, 25, 26, 27, 28, 29, 30, 31, 32, 33, 34, 35, 36, 37, 38, 39, 40, 41, 42, 47, 45, 48, 49, 44, 43, 46], Tiempo actual: 0.10 segundos
Mejor costo: 1404.43794250521, Mejor ruta actual: [3, 0, 1, 2, 4, 5, 6, 7, 8, 9, 10, 11, 12, 13, 14, 15, 16, 17, 18, 19, 20, 21, 22, 23, 24, 25, 26, 27, 28, 29, 30, 31, 32, 33, 34, 35, 36, 37, 38, 39, 40, 41, 42, 47, 45, 48, 49, 44, 43, 46], Tiempo actual: 0.11 segundos
Mejor costo: 1392.052708062571, Mejor ruta actual: [1, 0, 2, 3, 4, 5, 6, 7, 8, 9, 10, 11, 12, 13, 14, 15, 16, 17, 18, 19, 20, 21, 22, 23, 24, 25, 26, 27, 28, 29, 30, 31, 32, 33, 34, 35, 36, 37, 38, 39, 40, 41, 43, 44, 45, 42, 47, 46, 48, 49], Tiempo actual: 0.12 segundos
Mejor costo: 1390.89650505113, Mejor ruta actual: [3, 0, 1, 2, 4, 5, 6, 7, 8, 9, 10, 11, 12, 13, 14, 15, 16, 17, 18, 19, 20, 21, 22, 23, 24, 25, 26, 27, 28, 29, 30, 31, 32, 33, 34, 35, 36, 37, 38, 39, 40, 41, 43, 44, 45, 42, 47, 49, 48, 46], Tiempo actual: 0.12 segundos
Mejor costo: 1390.89650505113, Mejor ruta actual: [3, 0, 1, 2, 4, 5, 6, 7, 8, 9, 10, 11, 12, 13, 14, 15, 16, 17, 18, 19, 20, 21, 22, 23, 24, 25, 26, 27, 28, 29, 30, 31, 32, 33, 34, 35, 36, 37, 38, 39, 40, 41, 43, 44, 45, 42, 47, 49, 48, 46], Tiempo actual: 0.12 segundos
Mejor costo: 1381.1282277068788, Mejor ruta actual: [2, 0, 1, 3, 4, 5, 6, 7, 8, 9, 10, 11, 12, 13, 14, 15, 16, 17, 18, 19, 20, 21, 22, 23, 24, 25, 26, 27, 28, 29, 30, 31, 32, 33, 34, 35, 36, 37, 38, 39, 40, 41, 43, 44, 48, 49, 45, 46, 42, 47], Tiempo actual: 0.13 segundos
Mejor costo: 1381.1282277068788, Mejor ruta actual: [2, 0, 1, 3, 4, 5, 6, 7, 8, 9, 10, 11, 12, 13, 14, 15, 16, 17, 18, 19, 20, 21, 22, 23, 24, 25, 26, 27, 28, 29, 30, 31, 32, 33, 34, 35, 36, 37, 38, 39, 40, 41, 43, 44, 48, 49, 45, 46, 42, 47], Tiempo actual: 0.14 segundos
Mejor costo: 1381.1282277068788, Mejor ruta actual: [2, 0, 1, 3, 4, 5, 6, 7, 8, 9, 10, 11, 12, 13, 14, 15, 16, 17, 18, 19, 20, 21, 22, 23, 24, 25, 26, 27, 28, 29, 30, 31, 32, 33, 34, 35, 36, 37, 38, 39, 40, 41, 43, 44, 48, 49, 45, 46, 42, 47], Tiempo actual: 0.16 segundos
Mejor costo: 1370.3562050811918, Mejor ruta actual: [3, 0, 1, 2, 4, 5, 6, 7, 8, 9, 10, 11, 12, 13, 14, 15, 16, 17, 18, 19, 20, 21, 22, 23, 24, 25, 26, 27, 28, 29, 30, 31, 32, 33, 34, 35, 36, 37, 38, 39, 40, 41, 43, 44, 48, 49, 45, 42, 47, 46], Tiempo actual: 0.17 segundos
Mejor costo: 1370.3562050811918, Mejor ruta actual: [3, 0, 1, 2, 4, 5, 6, 7, 8, 9, 10, 11, 12, 13, 14, 15, 16, 17, 18, 19, 20, 21, 22, 23, 24, 25, 26, 27, 28, 29, 30, 31, 32, 33, 34, 35, 36, 37, 38, 39, 40, 41, 43, 44, 48, 49, 45, 42, 47, 46], Tiempo actual: 0.16 segundos
Mejor costo: 1370.1607536882188, Mejor ruta actual: [3, 0, 1, 2, 4, 5, 6, 7, 8, 9, 10, 11, 12, 13, 14, 15, 16, 17, 18, 19, 20, 21, 22, 23, 24, 25, 26, 27, 28, 29, 30, 31, 32, 33, 34, 35, 36, 37, 38, 39, 40, 41, 43, 44, 48, 49, 45, 47, 42, 46], Tiempo actual: 0.23 segundos
Mejor costo: 1369.65607090469, Mejor ruta actual: [0, 1, 2, 3, 4, 5, 6, 7, 8, 9, 10, 11, 12, 13, 14, 15, 16, 17, 18, 19, 20, 21, 22, 23, 24, 25, 26, 27, 28, 29, 30, 31, 32, 33, 34, 35, 36, 37, 38, 40, 39, 41, 43, 44, 48, 49, 45, 46, 42, 47], Tiempo actual: 13.93 segundos
Mejor costo: 1364.3190320559438, Mejor ruta actual: [3, 0, 1, 2, 4, 5, 6, 7, 8, 9, 10, 11, 12, 13, 14, 15, 16, 17, 18, 19, 20, 21, 22, 23, 24, 25, 26, 27, 28, 29, 30, 31, 32, 33, 34, 35, 36, 37, 38, 40, 39, 41, 43, 44, 48, 49, 45, 42, 47, 46], Tiempo actual: 16.90 segundos
Mejor costo: 1364.1235806629709, Mejor ruta actual: [3, 0, 1, 2, 4, 5, 6, 7, 8, 9, 10, 11, 12, 13, 14, 15, 16, 17, 18, 19, 20, 21, 22, 23, 24, 25, 26, 27, 28, 29, 30, 31, 32, 33, 34, 35, 36, 37, 38, 40, 39, 41, 43, 44, 48, 49, 45, 47, 42, 46], Tiempo actual: 17.19 segundos
Mejor costo: 1362.4376902916358, Mejor ruta actual: [0, 1, 2, 3, 4, 5, 6, 7, 8, 9, 10, 11, 12, 13, 14, 15, 16, 17, 18, 19, 20, 21, 22, 23, 24, 25, 26, 27, 28, 29, 30, 31, 32, 33, 34, 35, 36, 37, 38, 41, 39, 40, 46, 43, 44, 48, 49, 45, 42, 47], Tiempo actual: 27.01 segundos
Mejor costo: 1360.9402094807583, Mejor ruta actual: [3, 0, 1, 2, 4, 5, 6, 7, 8, 9, 10, 11, 12, 13, 14, 15, 16, 17, 18, 19, 20, 21, 22, 23, 24, 25, 26, 27, 28, 29, 30, 31, 32, 33, 34, 35, 36, 37, 38, 41, 39, 40, 46, 42, 47, 45, 49, 48, 44, 43], Tiempo actual: 31.13 segundos
Mejor costo: 1354.2553830365146, Mejor ruta actual: [0, 1, 2, 3, 4, 5, 6, 7, 8, 9, 10, 11, 12, 13, 14, 15, 16, 17, 18, 19, 20, 21, 22, 23, 24, 25, 26, 27, 28, 29, 30, 31, 32, 33, 34, 35, 36, 37, 38, 43, 44, 41, 39, 40, 46, 48, 49, 45, 42, 47], Tiempo actual: 55.70 segundos
Mejor costo: 1351.95500047257, Mejor ruta actual: [3, 0, 1, 2, 4, 5, 6, 7, 8, 9, 10, 11, 12, 13, 14, 15, 16, 17, 18, 19, 20, 21, 22, 23, 24, 25, 26, 27, 28, 29, 30, 31, 32, 33, 34, 35, 36, 37, 38, 43, 44, 48, 49, 45, 42, 47, 46, 40, 39, 41], Tiempo actual: 63.34 segundos
Mejor costo: 1351.759549079597, Mejor ruta actual: [3, 0, 1, 2, 4, 5, 6, 7, 8, 9, 10, 11, 12, 13, 14, 15, 16, 17, 18, 19, 20, 21, 22, 23, 24, 25, 26, 27, 28, 29, 30, 31, 32, 33, 34, 35, 36, 37, 38, 43, 44, 48, 49, 45, 47, 42, 46, 40, 39, 41], Tiempo actual: 63.53 segundos
Mejor costo: 1346.138316573829, Mejor ruta actual: [1, 0, 2, 3, 4, 5, 6, 7, 8, 9, 10, 11, 12, 13, 14, 15, 16, 17, 18, 19, 20, 21, 22, 23, 24, 25, 26, 27, 28, 29, 30, 31, 32, 33, 34, 35, 36, 37, 38, 44, 43, 41, 39, 40, 46, 42, 47, 45, 48, 49], Tiempo actual: 67.94 segundos
Mejor costo: 1345.7025850030896, Mejor ruta actual: [0, 1, 2, 3, 4, 5, 6, 7, 8, 9, 10, 11, 12, 13, 14, 15, 16, 17, 18, 19, 20, 21, 22, 23, 24, 25, 26, 27, 28, 29, 30, 31, 32, 33, 34, 35, 36, 37, 38, 44, 43, 41, 39, 40, 46, 42, 47, 45, 48, 49], Tiempo actual: 72.88 segundos
Mejor costo: 1338.6620170328863, Mejor ruta actual: [0, 1, 2, 3, 4, 5, 6, 7, 8, 9, 10, 11, 12, 13, 14, 15, 16, 17, 18, 19, 20, 21, 22, 23, 24, 25, 26, 27, 28, 29, 30, 31, 32, 33, 34, 35, 36, 37, 38, 44, 43, 41, 39, 40, 46, 48, 49, 45, 42, 47], Tiempo actual: 73.28 segundos
Mejor costo: 1335.2320037292277, Mejor ruta actual: [0, 1, 2, 3, 4, 5, 6, 7, 8, 9, 10, 11, 12, 13, 14, 15, 16, 17, 18, 19, 20, 21, 22, 23, 24, 25, 26, 27, 28, 29, 30, 31, 32, 33, 34, 35, 36, 37, 38, 49, 48, 44, 43, 41, 39, 40, 46, 42, 47, 45], Tiempo actual: 136.38 segundos
Mejor costo: 1335.2265038439668, Mejor ruta actual: [0, 1, 2, 3, 4, 5, 6, 7, 8, 9, 10, 11, 12, 13, 14, 15, 16, 17, 18, 19, 20, 21, 22, 23, 24, 25, 26, 27, 28, 29, 30, 31, 32, 33, 34, 35, 36, 37, 38, 49, 48, 44, 43, 41, 39, 40, 46, 45, 42, 47], Tiempo actual: 136.48 segundos
Mejor costo: 1332.9943967650815, Mejor ruta actual: [3, 0, 1, 2, 4, 5, 6, 7, 8, 9, 10, 11, 12, 13, 14, 15, 16, 17, 18, 19, 20, 21, 22, 23, 24, 25, 26, 27, 28, 29, 30, 31, 32, 33, 34, 35, 36, 37, 38, 49, 48, 44, 43, 41, 39, 40, 46, 42, 47, 45], Tiempo actual: 156.29 segundos
Mejor costo: 1332.9083403306347, Mejor ruta actual: [1, 0, 2, 3, 4, 5, 6, 7, 8, 9, 10, 11, 12, 13, 14, 15, 16, 17, 18, 19, 20, 21, 22, 23, 24, 25, 26, 27, 28, 29, 30, 31, 32, 33, 34, 35, 36, 37, 45, 42, 47, 46, 40, 39, 41, 43, 44, 38, 48, 49], Tiempo actual: 391.41 segundos
Mejor costo: 1332.4726087598954, Mejor ruta actual: [0, 1, 2, 3, 4, 5, 6, 7, 8, 9, 10, 11, 12, 13, 14, 15, 16, 17, 18, 19, 20, 21, 22, 23, 24, 25, 26, 27, 28, 29, 30, 31, 32, 33, 34, 35, 36, 37, 45, 42, 47, 46, 40, 39, 41, 43, 44, 38, 48, 49], Tiempo actual: 398.42 segundos
Mejor costo: 1332.2771573669224, Mejor ruta actual: [0, 1, 2, 3, 4, 5, 6, 7, 8, 9, 10, 11, 12, 13, 14, 15, 16, 17, 18, 19, 20, 21, 22, 23, 24, 25, 26, 27, 28, 29, 30, 31, 32, 33, 34, 35, 36, 37, 45, 47, 42, 46, 40, 39, 41, 43, 44, 38, 48, 49], Tiempo actual: 424.95 segundos
Mejor costo: 1331.035704703708, Mejor ruta actual: [0, 1, 2, 3, 4, 5, 6, 7, 8, 9, 10, 11, 12, 13, 14, 15, 16, 17, 18, 19, 20, 21, 22, 23, 24, 25, 26, 27, 28, 29, 30, 31, 32, 33, 34, 35, 36, 37, 45, 48, 49, 38, 44, 43, 41, 39, 40, 46, 42, 47], Tiempo actual: 438.46 segundos
Mejor costo: 1327.1976369042889, Mejor ruta actual: [0, 1, 2, 3, 4, 5, 6, 7, 8, 9, 10, 11, 12, 13, 14, 15, 16, 17, 18, 19, 20, 21, 22, 23, 24, 25, 26, 27, 28, 29, 30, 31, 32, 33, 34, 35, 36, 37, 45, 49, 48, 38, 44, 43, 41, 39, 40, 46, 42, 47], Tiempo actual: 446.59 segundos
Mejor costo: 1318.3273652276512, Mejor ruta actual: [0, 1, 2, 3, 4, 5, 6, 7, 8, 9, 10, 11, 12, 13, 14, 15, 16, 17, 18, 19, 20, 21, 22, 23, 24, 25, 26, 27, 28, 29, 30, 31, 32, 33, 34, 35, 36, 37, 48, 49, 38, 44, 43, 41, 39, 40, 46, 42, 47, 45], Tiempo actual: 615.60 segundos
Mejor costo: 1318.3218653423903, Mejor ruta actual: [0, 1, 2, 3, 4, 5, 6, 7, 8, 9, 10, 11, 12, 13, 14, 15, 16, 17, 18, 19, 20, 21, 22, 23, 24, 25, 26, 27, 28, 29, 30, 31, 32, 33, 34, 35, 36, 37, 48, 49, 38, 44, 43, 41, 39, 40, 46, 45, 42, 47], Tiempo actual: 616.00 segundos
Mejor costo: 1317.3212885088735, Mejor ruta actual: [0, 1, 2, 3, 4, 5, 6, 7, 8, 9, 10, 11, 12, 13, 14, 15, 16, 17, 18, 19, 20, 21, 22, 23, 24, 25, 26, 27, 28, 29, 30, 31, 32, 33, 34, 35, 36, 37, 49, 48, 38, 44, 43, 41, 39, 40, 46, 42, 47, 45], Tiempo actual: 676.65 segundos
Mejor costo: 1317.3157886236127, Mejor ruta actual: [0, 1, 2, 3, 4, 5, 6, 7, 8, 9, 10, 11, 12, 13, 14, 15, 16, 17, 18, 19, 20, 21, 22, 23, 24, 25, 26, 27, 28, 29, 30, 31, 32, 33, 34, 35, 36, 37, 49, 48, 38, 44, 43, 41, 39, 40, 46, 45, 42, 47], Tiempo actual: 677.00 segundos
Mejor costo: 1316.089758263505, Mejor ruta actual: [3, 0, 1, 2, 4, 5, 6, 7, 8, 9, 10, 11, 12, 13, 14, 15, 16, 17, 18, 19, 20, 21, 22, 23, 24, 25, 26, 27, 28, 29, 30, 31, 32, 33, 34, 35, 36, 37, 48, 49, 38, 44, 43, 41, 39, 40, 46, 42, 47, 45], Tiempo actual: 711.13 segundos
Mejor costo: 1315.0836815447274, Mejor ruta actual: [3, 0, 1, 2, 4, 5, 6, 7, 8, 9, 10, 11, 12, 13, 14, 15, 16, 17, 18, 19, 20, 21, 22, 23, 24, 25, 26, 27, 28, 29, 30, 31, 32, 33, 34, 35, 36, 37, 49, 48, 38, 44, 43, 41, 39, 40, 46, 42, 47, 45], Tiempo actual: 793.75 segundos
Mejor costo: 1312.0253756996954, Mejor ruta actual: [3, 0, 1, 2, 4, 5, 6, 7, 8, 9, 10, 11, 12, 13, 14, 15, 16, 17, 18, 19, 20, 21, 22, 23, 24, 25, 26, 27, 28, 29, 30, 31, 32, 33, 34, 35, 36, 43, 44, 38, 48, 37, 49, 45, 42, 47, 46, 40, 39, 41], Tiempo actual: 3316.04 segundos
Mejor costo: 1311.8299243067224, Mejor ruta actual: [3, 0, 1, 2, 4, 5, 6, 7, 8, 9, 10, 11, 12, 13, 14, 15, 16, 17, 18, 19, 20, 21, 22, 23, 24, 25, 26, 27, 28, 29, 30, 31, 32, 33, 34, 35, 36, 43, 44, 38, 48, 37, 49, 45, 47, 42, 46, 40, 39, 41], Tiempo actual: 3316.21 segundos
Mejor costo: 1310.5820504862602, Mejor ruta actual: [3, 0, 1, 2, 4, 5, 6, 7, 8, 9, 10, 11, 12, 13, 14, 15, 16, 17, 18, 19, 20, 21, 22, 23, 24, 25, 26, 27, 28, 29, 30, 31, 32, 33, 34, 35, 36, 43, 44, 38, 48, 49, 37, 45, 42, 47, 46, 40, 39, 41], Tiempo actual: 3317.95 segundos
Mejor costo: 1310.3865990932873, Mejor ruta actual: [3, 0, 1, 2, 4, 5, 6, 7, 8, 9, 10, 11, 12, 13, 14, 15, 16, 17, 18, 19, 20, 21, 22, 23, 24, 25, 26, 27, 28, 29, 30, 31, 32, 33, 34, 35, 36, 43, 44, 38, 48, 49, 37, 45, 47, 42, 46, 40, 39, 41], Tiempo actual: 3318.25 segundos
