Inicio del algoritmo Branch & Bound 4 nodos spark
Mejor costo: 1465.8908909525705, Mejor ruta actual: [0, 1, 2, 3, 4, 5, 6, 7, 8, 9, 10, 11, 12, 13, 14, 15, 16, 17, 18, 19, 20, 21, 22, 23, 24, 25, 26, 27, 28, 29, 30, 31, 32, 33, 34, 35, 36, 37, 38, 39, 40, 41, 42, 43, 44, 45, 46, 47, 48, 49], Tiempo actual: 2.90 segundos
Mejor costo: 1458.4663414650713, Mejor ruta actual: [0, 1, 2, 3, 4, 5, 6, 7, 8, 9, 10, 11, 12, 13, 14, 15, 16, 17, 18, 19, 20, 21, 22, 23, 24, 25, 26, 27, 28, 29, 30, 31, 32, 33, 34, 35, 36, 37, 38, 39, 40, 41, 42, 43, 44, 45, 46, 48, 49, 47], Tiempo actual: 2.91 segundos
Mejor costo: 1453.6543226640538, Mejor ruta actual: [0, 1, 2, 3, 4, 5, 6, 7, 8, 9, 10, 11, 12, 13, 14, 15, 16, 17, 18, 19, 20, 21, 22, 23, 24, 25, 26, 27, 28, 29, 30, 31, 32, 33, 34, 35, 36, 37, 38, 39, 40, 41, 42, 43, 44, 45, 47, 46, 48, 49], Tiempo actual: 2.91 segundos
Mejor costo: 1448.5748022014202, Mejor ruta actual: [0, 1, 2, 3, 4, 5, 6, 7, 8, 9, 10, 11, 12, 13, 14, 15, 16, 17, 18, 19, 20, 21, 22, 23, 24, 25, 26, 27, 28, 29, 30, 31, 32, 33, 34, 35, 36, 37, 38, 39, 40, 41, 42, 43, 44, 45, 49, 48, 46, 47], Tiempo actual: 2.91 segundos
Mejor costo: 1445.24708196654, Mejor ruta actual: [0, 1, 2, 3, 4, 5, 6, 7, 8, 9, 10, 11, 12, 13, 14, 15, 16, 17, 18, 19, 20, 21, 22, 23, 24, 25, 26, 27, 28, 29, 30, 31, 32, 33, 34, 35, 36, 37, 38, 39, 40, 41, 42, 43, 44, 46, 48, 49, 45, 47], Tiempo actual: 2.91 segundos
Mejor costo: 1437.9260414951332, Mejor ruta actual: [0, 1, 2, 3, 4, 5, 6, 7, 8, 9, 10, 11, 12, 13, 14, 15, 16, 17, 18, 19, 20, 21, 22, 23, 24, 25, 26, 27, 28, 29, 30, 31, 32, 33, 34, 35, 36, 37, 38, 39, 40, 41, 42, 43, 44, 48, 49, 45, 46, 47], Tiempo actual: 2.91 segundos
Mejor costo: 1434.3360558566208, Mejor ruta actual: [0, 1, 2, 3, 4, 5, 6, 7, 8, 9, 10, 11, 12, 13, 14, 15, 16, 17, 18, 19, 20, 21, 22, 23, 24, 25, 26, 27, 28, 29, 30, 31, 32, 33, 34, 35, 36, 37, 38, 39, 40, 41, 42, 45, 43, 44, 48, 49, 46, 47], Tiempo actual: 2.92 segundos
Mejor costo: 1434.1584502272979, Mejor ruta actual: [0, 1, 2, 3, 4, 5, 6, 7, 8, 9, 10, 11, 12, 13, 14, 15, 16, 17, 18, 19, 20, 21, 22, 23, 24, 25, 26, 27, 28, 29, 30, 31, 32, 33, 34, 35, 36, 37, 38, 39, 40, 41, 42, 45, 43, 44, 49, 48, 46, 47], Tiempo actual: 2.92 segundos
Mejor costo: 1427.4231199147632, Mejor ruta actual: [0, 1, 2, 3, 4, 5, 6, 7, 8, 9, 10, 11, 12, 13, 14, 15, 16, 17, 18, 19, 20, 21, 22, 23, 24, 25, 26, 27, 28, 29, 30, 31, 32, 33, 34, 35, 36, 37, 38, 39, 40, 41, 42, 45, 46, 43, 44, 48, 49, 47], Tiempo actual: 2.92 segundos
Mejor costo: 1422.6111011137457, Mejor ruta actual: [0, 1, 2, 3, 4, 5, 6, 7, 8, 9, 10, 11, 12, 13, 14, 15, 16, 17, 18, 19, 20, 21, 22, 23, 24, 25, 26, 27, 28, 29, 30, 31, 32, 33, 34, 35, 36, 37, 38, 39, 40, 41, 42, 45, 47, 46, 43, 44, 48, 49], Tiempo actual: 2.92 segundos
Mejor costo: 1417.531580651112, Mejor ruta actual: [0, 1, 2, 3, 4, 5, 6, 7, 8, 9, 10, 11, 12, 13, 14, 15, 16, 17, 18, 19, 20, 21, 22, 23, 24, 25, 26, 27, 28, 29, 30, 31, 32, 33, 34, 35, 36, 37, 38, 39, 40, 41, 42, 45, 49, 48, 44, 43, 46, 47], Tiempo actual: 2.92 segundos
Mejor costo: 1417.3361292581392, Mejor ruta actual: [0, 1, 2, 3, 4, 5, 6, 7, 8, 9, 10, 11, 12, 13, 14, 15, 16, 17, 18, 19, 20, 21, 22, 23, 24, 25, 26, 27, 28, 29, 30, 31, 32, 33, 34, 35, 36, 37, 38, 39, 40, 41, 42, 46, 43, 44, 48, 49, 45, 47], Tiempo actual: 2.93 segundos
Mejor costo: 1416.6791143378719, Mejor ruta actual: [0, 1, 2, 3, 4, 5, 6, 7, 8, 9, 10, 11, 12, 13, 14, 15, 16, 17, 18, 19, 20, 21, 22, 23, 24, 25, 26, 27, 28, 29, 30, 31, 32, 33, 34, 35, 36, 37, 38, 39, 40, 41, 42, 47, 45, 44, 43, 46, 48, 49], Tiempo actual: 2.93 segundos
Mejor costo: 1406.0303536315848, Mejor ruta actual: [0, 1, 2, 3, 4, 5, 6, 7, 8, 9, 10, 11, 12, 13, 14, 15, 16, 17, 18, 19, 20, 21, 22, 23, 24, 25, 26, 27, 28, 29, 30, 31, 32, 33, 34, 35, 36, 37, 38, 39, 40, 41, 42, 47, 45, 46, 43, 44, 48, 49], Tiempo actual: 2.93 segundos
Mejor costo: 1401.151784447185, Mejor ruta actual: [0, 1, 2, 3, 4, 5, 6, 7, 8, 9, 10, 11, 12, 13, 14, 15, 16, 17, 18, 19, 20, 21, 22, 23, 24, 25, 26, 27, 28, 29, 30, 31, 32, 33, 34, 35, 36, 37, 38, 39, 40, 41, 42, 47, 46, 43, 44, 48, 49, 45], Tiempo actual: 2.93 segundos
Mejor costo: 1391.6169764918316, Mejor ruta actual: [0, 1, 2, 3, 4, 5, 6, 7, 8, 9, 10, 11, 12, 13, 14, 15, 16, 17, 18, 19, 20, 21, 22, 23, 24, 25, 26, 27, 28, 29, 30, 31, 32, 33, 34, 35, 36, 37, 38, 39, 40, 41, 43, 44, 45, 42, 47, 46, 48, 49], Tiempo actual: 2.95 segundos
Mejor costo: 1391.4215250988586, Mejor ruta actual: [0, 1, 2, 3, 4, 5, 6, 7, 8, 9, 10, 11, 12, 13, 14, 15, 16, 17, 18, 19, 20, 21, 22, 23, 24, 25, 26, 27, 28, 29, 30, 31, 32, 33, 34, 35, 36, 37, 38, 39, 40, 41, 43, 44, 45, 47, 42, 46, 48, 49], Tiempo actual: 2.95 segundos
Mejor costo: 1386.342004636225, Mejor ruta actual: [0, 1, 2, 3, 4, 5, 6, 7, 8, 9, 10, 11, 12, 13, 14, 15, 16, 17, 18, 19, 20, 21, 22, 23, 24, 25, 26, 27, 28, 29, 30, 31, 32, 33, 34, 35, 36, 37, 38, 39, 40, 41, 43, 44, 45, 49, 48, 46, 42, 47], Tiempo actual: 2.95 segundos
Mejor costo: 1383.2097357943178, Mejor ruta actual: [0, 1, 2, 3, 4, 5, 6, 7, 8, 9, 10, 11, 12, 13, 14, 15, 16, 17, 18, 19, 20, 21, 22, 23, 24, 25, 26, 27, 28, 29, 30, 31, 32, 33, 34, 35, 36, 37, 38, 39, 40, 41, 43, 44, 46, 48, 49, 45, 42, 47], Tiempo actual: 2.95 segundos
Mejor costo: 1375.693243929938, Mejor ruta actual: [0, 1, 2, 3, 4, 5, 6, 7, 8, 9, 10, 11, 12, 13, 14, 15, 16, 17, 18, 19, 20, 21, 22, 23, 24, 25, 26, 27, 28, 29, 30, 31, 32, 33, 34, 35, 36, 37, 38, 39, 40, 41, 43, 44, 48, 49, 45, 46, 42, 47], Tiempo actual: 2.95 segundos
Mejor costo: 1375.052173751074, Mejor ruta actual: [0, 1, 2, 3, 4, 5, 6, 7, 8, 9, 10, 11, 12, 13, 14, 15, 16, 17, 18, 19, 20, 21, 22, 23, 24, 25, 26, 27, 28, 29, 30, 31, 32, 33, 34, 35, 36, 37, 38, 39, 41, 40, 46, 43, 44, 48, 49, 45, 42, 47], Tiempo actual: 3.74 segundos
Mejor costo: 1369.65607090469, Mejor ruta actual: [0, 1, 2, 3, 4, 5, 6, 7, 8, 9, 10, 11, 12, 13, 14, 15, 16, 17, 18, 19, 20, 21, 22, 23, 24, 25, 26, 27, 28, 29, 30, 31, 32, 33, 34, 35, 36, 37, 38, 40, 39, 41, 43, 44, 48, 49, 45, 46, 42, 47], Tiempo actual: 7.04 segundos
Mejor costo: 1369.451119534204, Mejor ruta actual: [0, 1, 2, 3, 4, 5, 6, 7, 8, 9, 10, 11, 12, 13, 14, 15, 16, 17, 18, 19, 20, 21, 22, 23, 24, 25, 26, 27, 28, 29, 30, 31, 32, 33, 34, 35, 36, 37, 38, 41, 39, 40, 43, 44, 48, 49, 45, 46, 42, 47], Tiempo actual: 10.65 segundos
Mejor costo: 1362.4376902916358, Mejor ruta actual: [0, 1, 2, 3, 4, 5, 6, 7, 8, 9, 10, 11, 12, 13, 14, 15, 16, 17, 18, 19, 20, 21, 22, 23, 24, 25, 26, 27, 28, 29, 30, 31, 32, 33, 34, 35, 36, 37, 38, 41, 39, 40, 46, 43, 44, 48, 49, 45, 42, 47], Tiempo actual: 10.72 segundos
Mejor costo: 1362.182035979353, Mejor ruta actual: [0, 1, 2, 3, 4, 5, 6, 7, 8, 9, 10, 11, 12, 13, 14, 15, 16, 17, 18, 19, 20, 21, 22, 23, 24, 25, 26, 27, 28, 29, 30, 31, 32, 33, 34, 35, 36, 37, 38, 43, 41, 39, 40, 46, 44, 48, 49, 45, 42, 47], Tiempo actual: 16.88 segundos
Mejor costo: 1361.2959510067178, Mejor ruta actual: [0, 1, 2, 3, 4, 5, 6, 7, 8, 9, 10, 11, 12, 13, 14, 15, 16, 17, 18, 19, 20, 21, 22, 23, 24, 25, 26, 27, 28, 29, 30, 31, 32, 33, 34, 35, 36, 37, 38, 43, 44, 41, 39, 40, 46, 42, 47, 45, 48, 49], Tiempo actual: 17.99 segundos
Mejor costo: 1354.2553830365146, Mejor ruta actual: [0, 1, 2, 3, 4, 5, 6, 7, 8, 9, 10, 11, 12, 13, 14, 15, 16, 17, 18, 19, 20, 21, 22, 23, 24, 25, 26, 27, 28, 29, 30, 31, 32, 33, 34, 35, 36, 37, 38, 43, 44, 41, 39, 40, 46, 48, 49, 45, 42, 47], Tiempo actual: 17.99 segundos
Mejor costo: 1352.066112551256, Mejor ruta actual: [0, 1, 2, 3, 4, 5, 6, 7, 8, 9, 10, 11, 12, 13, 14, 15, 16, 17, 18, 19, 20, 21, 22, 23, 24, 25, 26, 27, 28, 29, 30, 31, 32, 33, 34, 35, 36, 37, 38, 44, 41, 39, 40, 46, 43, 48, 49, 45, 42, 47], Tiempo actual: 21.36 segundos
Mejor costo: 1351.756215594947, Mejor ruta actual: [0, 1, 2, 3, 4, 5, 6, 7, 8, 9, 10, 11, 12, 13, 14, 15, 16, 17, 18, 19, 20, 21, 22, 23, 24, 25, 26, 27, 28, 29, 30, 31, 32, 33, 34, 35, 36, 37, 38, 44, 43, 39, 41, 40, 46, 48, 49, 45, 42, 47], Tiempo actual: 22.29 segundos
Mejor costo: 1345.7025850030896, Mejor ruta actual: [0, 1, 2, 3, 4, 5, 6, 7, 8, 9, 10, 11, 12, 13, 14, 15, 16, 17, 18, 19, 20, 21, 22, 23, 24, 25, 26, 27, 28, 29, 30, 31, 32, 33, 34, 35, 36, 37, 38, 44, 43, 41, 39, 40, 46, 42, 47, 45, 48, 49], Tiempo actual: 22.48 segundos
Mejor costo: 1338.6620170328863, Mejor ruta actual: [0, 1, 2, 3, 4, 5, 6, 7, 8, 9, 10, 11, 12, 13, 14, 15, 16, 17, 18, 19, 20, 21, 22, 23, 24, 25, 26, 27, 28, 29, 30, 31, 32, 33, 34, 35, 36, 37, 38, 44, 43, 41, 39, 40, 46, 48, 49, 45, 42, 47], Tiempo actual: 22.49 segundos
Mejor costo: 1335.2320037292277, Mejor ruta actual: [0, 1, 2, 3, 4, 5, 6, 7, 8, 9, 10, 11, 12, 13, 14, 15, 16, 17, 18, 19, 20, 21, 22, 23, 24, 25, 26, 27, 28, 29, 30, 31, 32, 33, 34, 35, 36, 37, 38, 49, 48, 44, 43, 41, 39, 40, 46, 42, 47, 45], Tiempo actual: 35.83 segundos
Mejor costo: 1335.2265038439668, Mejor ruta actual: [0, 1, 2, 3, 4, 5, 6, 7, 8, 9, 10, 11, 12, 13, 14, 15, 16, 17, 18, 19, 20, 21, 22, 23, 24, 25, 26, 27, 28, 29, 30, 31, 32, 33, 34, 35, 36, 37, 38, 49, 48, 44, 43, 41, 39, 40, 46, 45, 42, 47], Tiempo actual: 35.83 segundos
Mejor costo: 1332.4726087598954, Mejor ruta actual: [0, 1, 2, 3, 4, 5, 6, 7, 8, 9, 10, 11, 12, 13, 14, 15, 16, 17, 18, 19, 20, 21, 22, 23, 24, 25, 26, 27, 28, 29, 30, 31, 32, 33, 34, 35, 36, 37, 45, 42, 47, 46, 40, 39, 41, 43, 44, 38, 48, 49], Tiempo actual: 107.93 segundos
Mejor costo: 1332.2771573669224, Mejor ruta actual: [0, 1, 2, 3, 4, 5, 6, 7, 8, 9, 10, 11, 12, 13, 14, 15, 16, 17, 18, 19, 20, 21, 22, 23, 24, 25, 26, 27, 28, 29, 30, 31, 32, 33, 34, 35, 36, 37, 45, 47, 42, 46, 40, 39, 41, 43, 44, 38, 48, 49], Tiempo actual: 115.17 segundos
Mejor costo: 1331.035704703708, Mejor ruta actual: [0, 1, 2, 3, 4, 5, 6, 7, 8, 9, 10, 11, 12, 13, 14, 15, 16, 17, 18, 19, 20, 21, 22, 23, 24, 25, 26, 27, 28, 29, 30, 31, 32, 33, 34, 35, 36, 37, 45, 48, 49, 38, 44, 43, 41, 39, 40, 46, 42, 47], Tiempo actual: 118.72 segundos
Mejor costo: 1327.1976369042889, Mejor ruta actual: [0, 1, 2, 3, 4, 5, 6, 7, 8, 9, 10, 11, 12, 13, 14, 15, 16, 17, 18, 19, 20, 21, 22, 23, 24, 25, 26, 27, 28, 29, 30, 31, 32, 33, 34, 35, 36, 37, 45, 49, 48, 38, 44, 43, 41, 39, 40, 46, 42, 47], Tiempo actual: 120.82 segundos
Mejor costo: 1318.3273652276512, Mejor ruta actual: [0, 1, 2, 3, 4, 5, 6, 7, 8, 9, 10, 11, 12, 13, 14, 15, 16, 17, 18, 19, 20, 21, 22, 23, 24, 25, 26, 27, 28, 29, 30, 31, 32, 33, 34, 35, 36, 37, 48, 49, 38, 44, 43, 41, 39, 40, 46, 42, 47, 45], Tiempo actual: 165.33 segundos
Mejor costo: 1318.3218653423903, Mejor ruta actual: [0, 1, 2, 3, 4, 5, 6, 7, 8, 9, 10, 11, 12, 13, 14, 15, 16, 17, 18, 19, 20, 21, 22, 23, 24, 25, 26, 27, 28, 29, 30, 31, 32, 33, 34, 35, 36, 37, 48, 49, 38, 44, 43, 41, 39, 40, 46, 45, 42, 47], Tiempo actual: 165.33 segundos
Mejor costo: 1317.3212885088735, Mejor ruta actual: [0, 1, 2, 3, 4, 5, 6, 7, 8, 9, 10, 11, 12, 13, 14, 15, 16, 17, 18, 19, 20, 21, 22, 23, 24, 25, 26, 27, 28, 29, 30, 31, 32, 33, 34, 35, 36, 37, 49, 48, 38, 44, 43, 41, 39, 40, 46, 42, 47, 45], Tiempo actual: 180.67 segundos
Mejor costo: 1317.3157886236127, Mejor ruta actual: [0, 1, 2, 3, 4, 5, 6, 7, 8, 9, 10, 11, 12, 13, 14, 15, 16, 17, 18, 19, 20, 21, 22, 23, 24, 25, 26, 27, 28, 29, 30, 31, 32, 33, 34, 35, 36, 37, 49, 48, 38, 44, 43, 41, 39, 40, 46, 45, 42, 47], Tiempo actual: 180.67 segundos
Mejor costo: 1313.9795841752439, Mejor ruta actual: [0, 1, 2, 3, 4, 5, 6, 7, 8, 9, 10, 11, 12, 13, 14, 15, 16, 17, 18, 19, 20, 21, 22, 23, 24, 25, 26, 27, 28, 29, 30, 31, 32, 33, 34, 35, 36, 45, 37, 48, 49, 38, 44, 43, 41, 39, 40, 46, 42, 47], Tiempo actual: 818.58 segundos
Mejor costo: 1312.9735074564662, Mejor ruta actual: [0, 1, 2, 3, 4, 5, 6, 7, 8, 9, 10, 11, 12, 13, 14, 15, 16, 17, 18, 19, 20, 21, 22, 23, 24, 25, 26, 27, 28, 29, 30, 31, 32, 33, 34, 35, 36, 45, 37, 49, 48, 38, 44, 43, 41, 39, 40, 46, 42, 47], Tiempo actual: 820.46 segundos
Mejor costo: 1312.6673502270096, Mejor ruta actual: [0, 1, 2, 3, 4, 5, 6, 7, 8, 9, 10, 11, 12, 13, 14, 15, 16, 17, 18, 19, 20, 21, 22, 23, 24, 25, 26, 27, 28, 29, 30, 31, 32, 33, 34, 35, 36, 46, 40, 39, 41, 43, 44, 38, 48, 49, 37, 45, 42, 47], Tiempo actual: 919.70 segundos
Mejor costo: 1310.906814178963, Mejor ruta actual: [0, 1, 2, 3, 4, 5, 6, 7, 8, 9, 10, 11, 12, 13, 14, 15, 16, 17, 18, 19, 20, 21, 22, 23, 24, 25, 26, 27, 28, 29, 30, 31, 32, 33, 34, 35, 37, 36, 45, 49, 48, 38, 44, 43, 41, 39, 40, 46, 42, 47], Tiempo actual: 1294.39 segundos
Mejor costo: 1310.6006569495064, Mejor ruta actual: [0, 1, 2, 3, 4, 5, 6, 7, 8, 9, 10, 11, 12, 13, 14, 15, 16, 17, 18, 19, 20, 21, 22, 23, 24, 25, 26, 27, 28, 29, 30, 31, 32, 33, 34, 35, 37, 36, 46, 40, 39, 41, 43, 44, 38, 48, 49, 45, 42, 47], Tiempo actual: 1296.71 segundos
Mejor costo: 1308.9297062960745, Mejor ruta actual: [0, 1, 2, 3, 4, 5, 6, 7, 8, 9, 10, 11, 12, 13, 14, 15, 16, 17, 18, 19, 20, 21, 22, 23, 24, 25, 26, 27, 28, 29, 30, 31, 32, 33, 34, 35, 37, 38, 48, 49, 45, 36, 44, 43, 41, 39, 40, 46, 42, 47], Tiempo actual: 1481.29 segundos
Mejor costo: 1308.2343104134345, Mejor ruta actual: [0, 1, 2, 3, 4, 5, 6, 7, 8, 9, 10, 11, 12, 13, 14, 15, 16, 17, 18, 19, 20, 21, 22, 23, 24, 25, 26, 27, 28, 29, 30, 31, 32, 33, 34, 35, 37, 45, 36, 48, 49, 38, 44, 43, 41, 39, 40, 46, 42, 47], Tiempo actual: 2031.03 segundos
Mejor costo: 1308.1764667830769, Mejor ruta actual: [0, 1, 2, 3, 4, 5, 6, 7, 8, 9, 10, 11, 12, 13, 14, 15, 16, 17, 18, 19, 20, 21, 22, 23, 24, 25, 26, 27, 28, 29, 30, 31, 32, 33, 34, 35, 37, 45, 47, 42, 46, 40, 39, 41, 43, 36, 44, 38, 48, 49], Tiempo actual: 2140.17 segundos
Mejor costo: 1306.9350141198624, Mejor ruta actual: [0, 1, 2, 3, 4, 5, 6, 7, 8, 9, 10, 11, 12, 13, 14, 15, 16, 17, 18, 19, 20, 21, 22, 23, 24, 25, 26, 27, 28, 29, 30, 31, 32, 33, 34, 35, 37, 45, 48, 49, 38, 44, 36, 43, 41, 39, 40, 46, 42, 47], Tiempo actual: 2166.72 segundos
Mejor costo: 1303.0969463204433, Mejor ruta actual: [0, 1, 2, 3, 4, 5, 6, 7, 8, 9, 10, 11, 12, 13, 14, 15, 16, 17, 18, 19, 20, 21, 22, 23, 24, 25, 26, 27, 28, 29, 30, 31, 32, 33, 34, 35, 37, 45, 49, 48, 38, 44, 36, 43, 41, 39, 40, 46, 42, 47], Tiempo actual: 2183.53 segundos
Mejor costo: 1300.7856716727617, Mejor ruta actual: [0, 1, 2, 3, 4, 5, 6, 7, 8, 9, 10, 11, 12, 13, 14, 15, 16, 17, 18, 19, 20, 21, 22, 23, 24, 25, 26, 27, 28, 29, 30, 31, 32, 33, 34, 35, 37, 48, 38, 49, 45, 36, 44, 43, 41, 39, 40, 46, 42, 47], Tiempo actual: 2443.41 segundos
Mejor costo: 1294.2266746438056, Mejor ruta actual: [0, 1, 2, 3, 4, 5, 6, 7, 8, 9, 10, 11, 12, 13, 14, 15, 16, 17, 18, 19, 20, 21, 22, 23, 24, 25, 26, 27, 28, 29, 30, 31, 32, 33, 34, 35, 37, 48, 49, 38, 44, 36, 43, 41, 39, 40, 46, 42, 47, 45], Tiempo actual: 2560.35 segundos
Mejor costo: 1294.2211747585447, Mejor ruta actual: [0, 1, 2, 3, 4, 5, 6, 7, 8, 9, 10, 11, 12, 13, 14, 15, 16, 17, 18, 19, 20, 21, 22, 23, 24, 25, 26, 27, 28, 29, 30, 31, 32, 33, 34, 35, 37, 48, 49, 38, 44, 36, 43, 41, 39, 40, 46, 45, 42, 47], Tiempo actual: 2560.35 segundos
Mejor costo: 1293.220597925028, Mejor ruta actual: [0, 1, 2, 3, 4, 5, 6, 7, 8, 9, 10, 11, 12, 13, 14, 15, 16, 17, 18, 19, 20, 21, 22, 23, 24, 25, 26, 27, 28, 29, 30, 31, 32, 33, 34, 35, 37, 49, 48, 38, 44, 36, 43, 41, 39, 40, 46, 42, 47, 45], Tiempo actual: 2690.72 segundos
Mejor costo: 1293.215098039767, Mejor ruta actual: [0, 1, 2, 3, 4, 5, 6, 7, 8, 9, 10, 11, 12, 13, 14, 15, 16, 17, 18, 19, 20, 21, 22, 23, 24, 25, 26, 27, 28, 29, 30, 31, 32, 33, 34, 35, 37, 49, 48, 38, 44, 36, 43, 41, 39, 40, 46, 45, 42, 47], Tiempo actual: 2690.72 segundos
Mejor costo: 1291.9352406712096, Mejor ruta actual: [0, 1, 2, 3, 4, 5, 6, 7, 8, 9, 10, 11, 12, 13, 14, 15, 16, 17, 18, 19, 20, 21, 22, 23, 24, 25, 26, 27, 28, 29, 30, 31, 32, 33, 34, 35, 42, 47, 46, 40, 39, 41, 43, 36, 44, 38, 48, 49, 37, 45], Tiempo actual: 4100.19 segundos
